Initial Sudoku board:
3 5 6 | 2 4 7 | . 1 9 
4 7 1 | . 9 8 | 2 3 6 
. . . | 1 . 6 | 5 7 4 
---------------------
. . 2 | 8 5 1 | 4 . 7 
6 4 . | 9 7 2 | 3 5 1 
5 . . | . . 4 | 9 8 . 
---------------------
. 9 3 | . . 5 | . 2 8 
. 6 4 | . 8 3 | 1 9 5 
1 8 . | 6 . 9 | . . 3 

Step 1: Placed 8 at (0, 6)
3 5 6 | 2 4 7 | 8 1 9 
4 7 1 | . 9 8 | 2 3 6 
. . . | 1 . 6 | 5 7 4 
---------------------
. . 2 | 8 5 1 | 4 . 7 
6 4 . | 9 7 2 | 3 5 1 
5 . . | . . 4 | 9 8 . 
---------------------
. 9 3 | . . 5 | . 2 8 
. 6 4 | . 8 3 | 1 9 5 
1 8 . | 6 . 9 | . . 3 

Step 2: Placed 5 at (1, 3)
3 5 6 | 2 4 7 | 8 1 9 
4 7 1 | 5 9 8 | 2 3 6 
. . . | 1 . 6 | 5 7 4 
---------------------
. . 2 | 8 5 1 | 4 . 7 
6 4 . | 9 7 2 | 3 5 1 
5 . . | . . 4 | 9 8 . 
---------------------
. 9 3 | . . 5 | . 2 8 
. 6 4 | . 8 3 | 1 9 5 
1 8 . | 6 . 9 | . . 3 

Step 3: Placed 2 at (2, 1)
3 5 6 | 2 4 7 | 8 1 9 
4 7 1 | 5 9 8 | 2 3 6 
. 2 . | 1 . 6 | 5 7 4 
---------------------
. . 2 | 8 5 1 | 4 . 7 
6 4 . | 9 7 2 | 3 5 1 
5 . . | . . 4 | 9 8 . 
---------------------
. 9 3 | . . 5 | . 2 8 
. 6 4 | . 8 3 | 1 9 5 
1 8 . | 6 . 9 | . . 3 

Step 4: Placed 3 at (2, 4)
3 5 6 | 2 4 7 | 8 1 9 
4 7 1 | 5 9 8 | 2 3 6 
. 2 . | 1 3 6 | 5 7 4 
---------------------
. . 2 | 8 5 1 | 4 . 7 
6 4 . | 9 7 2 | 3 5 1 
5 . . | . . 4 | 9 8 . 
---------------------
. 9 3 | . . 5 | . 2 8 
. 6 4 | . 8 3 | 1 9 5 
1 8 . | 6 . 9 | . . 3 

Step 5: Placed 9 at (3, 0)
3 5 6 | 2 4 7 | 8 1 9 
4 7 1 | 5 9 8 | 2 3 6 
. 2 . | 1 3 6 | 5 7 4 
---------------------
9 . 2 | 8 5 1 | 4 . 7 
6 4 . | 9 7 2 | 3 5 1 
5 . . | . . 4 | 9 8 . 
---------------------
. 9 3 | . . 5 | . 2 8 
. 6 4 | . 8 3 | 1 9 5 
1 8 . | 6 . 9 | . . 3 

Step 6: Placed 8 at (2, 0)
3 5 6 | 2 4 7 | 8 1 9 
4 7 1 | 5 9 8 | 2 3 6 
8 2 . | 1 3 6 | 5 7 4 
---------------------
9 . 2 | 8 5 1 | 4 . 7 
6 4 . | 9 7 2 | 3 5 1 
5 . . | . . 4 | 9 8 . 
---------------------
. 9 3 | . . 5 | . 2 8 
. 6 4 | . 8 3 | 1 9 5 
1 8 . | 6 . 9 | . . 3 

Step 7: Placed 9 at (2, 2)
3 5 6 | 2 4 7 | 8 1 9 
4 7 1 | 5 9 8 | 2 3 6 
8 2 9 | 1 3 6 | 5 7 4 
---------------------
9 . 2 | 8 5 1 | 4 . 7 
6 4 . | 9 7 2 | 3 5 1 
5 . . | . . 4 | 9 8 . 
---------------------
. 9 3 | . . 5 | . 2 8 
. 6 4 | . 8 3 | 1 9 5 
1 8 . | 6 . 9 | . . 3 

Step 8: Placed 3 at (3, 1)
3 5 6 | 2 4 7 | 8 1 9 
4 7 1 | 5 9 8 | 2 3 6 
8 2 9 | 1 3 6 | 5 7 4 
---------------------
9 3 2 | 8 5 1 | 4 . 7 
6 4 . | 9 7 2 | 3 5 1 
5 . . | . . 4 | 9 8 . 
---------------------
. 9 3 | . . 5 | . 2 8 
. 6 4 | . 8 3 | 1 9 5 
1 8 . | 6 . 9 | . . 3 

Step 9: Placed 6 at (3, 7)
3 5 6 | 2 4 7 | 8 1 9 
4 7 1 | 5 9 8 | 2 3 6 
8 2 9 | 1 3 6 | 5 7 4 
---------------------
9 3 2 | 8 5 1 | 4 6 7 
6 4 . | 9 7 2 | 3 5 1 
5 . . | . . 4 | 9 8 . 
---------------------
. 9 3 | . . 5 | . 2 8 
. 6 4 | . 8 3 | 1 9 5 
1 8 . | 6 . 9 | . . 3 

Step 10: Placed 8 at (4, 2)
3 5 6 | 2 4 7 | 8 1 9 
4 7 1 | 5 9 8 | 2 3 6 
8 2 9 | 1 3 6 | 5 7 4 
---------------------
9 3 2 | 8 5 1 | 4 6 7 
6 4 8 | 9 7 2 | 3 5 1 
5 . . | . . 4 | 9 8 . 
---------------------
. 9 3 | . . 5 | . 2 8 
. 6 4 | . 8 3 | 1 9 5 
1 8 . | 6 . 9 | . . 3 

Step 11: Placed 1 at (5, 1)
3 5 6 | 2 4 7 | 8 1 9 
4 7 1 | 5 9 8 | 2 3 6 
8 2 9 | 1 3 6 | 5 7 4 
---------------------
9 3 2 | 8 5 1 | 4 6 7 
6 4 8 | 9 7 2 | 3 5 1 
5 1 . | . . 4 | 9 8 . 
---------------------
. 9 3 | . . 5 | . 2 8 
. 6 4 | . 8 3 | 1 9 5 
1 8 . | 6 . 9 | . . 3 

Step 12: Placed 7 at (5, 2)
3 5 6 | 2 4 7 | 8 1 9 
4 7 1 | 5 9 8 | 2 3 6 
8 2 9 | 1 3 6 | 5 7 4 
---------------------
9 3 2 | 8 5 1 | 4 6 7 
6 4 8 | 9 7 2 | 3 5 1 
5 1 7 | . . 4 | 9 8 . 
---------------------
. 9 3 | . . 5 | . 2 8 
. 6 4 | . 8 3 | 1 9 5 
1 8 . | 6 . 9 | . . 3 

Step 13: Placed 3 at (5, 3)
3 5 6 | 2 4 7 | 8 1 9 
4 7 1 | 5 9 8 | 2 3 6 
8 2 9 | 1 3 6 | 5 7 4 
---------------------
9 3 2 | 8 5 1 | 4 6 7 
6 4 8 | 9 7 2 | 3 5 1 
5 1 7 | 3 . 4 | 9 8 . 
---------------------
. 9 3 | . . 5 | . 2 8 
. 6 4 | . 8 3 | 1 9 5 
1 8 . | 6 . 9 | . . 3 

Step 14: Placed 6 at (5, 4)
3 5 6 | 2 4 7 | 8 1 9 
4 7 1 | 5 9 8 | 2 3 6 
8 2 9 | 1 3 6 | 5 7 4 
---------------------
9 3 2 | 8 5 1 | 4 6 7 
6 4 8 | 9 7 2 | 3 5 1 
5 1 7 | 3 6 4 | 9 8 . 
---------------------
. 9 3 | . . 5 | . 2 8 
. 6 4 | . 8 3 | 1 9 5 
1 8 . | 6 . 9 | . . 3 

Step 15: Placed 2 at (5, 8)
3 5 6 | 2 4 7 | 8 1 9 
4 7 1 | 5 9 8 | 2 3 6 
8 2 9 | 1 3 6 | 5 7 4 
---------------------
9 3 2 | 8 5 1 | 4 6 7 
6 4 8 | 9 7 2 | 3 5 1 
5 1 7 | 3 6 4 | 9 8 2 
---------------------
. 9 3 | . . 5 | . 2 8 
. 6 4 | . 8 3 | 1 9 5 
1 8 . | 6 . 9 | . . 3 

Step 16: Placed 7 at (6, 0)
3 5 6 | 2 4 7 | 8 1 9 
4 7 1 | 5 9 8 | 2 3 6 
8 2 9 | 1 3 6 | 5 7 4 
---------------------
9 3 2 | 8 5 1 | 4 6 7 
6 4 8 | 9 7 2 | 3 5 1 
5 1 7 | 3 6 4 | 9 8 2 
---------------------
7 9 3 | . . 5 | . 2 8 
. 6 4 | . 8 3 | 1 9 5 
1 8 . | 6 . 9 | . . 3 

Step 17: Placed 4 at (6, 3)
3 5 6 | 2 4 7 | 8 1 9 
4 7 1 | 5 9 8 | 2 3 6 
8 2 9 | 1 3 6 | 5 7 4 
---------------------
9 3 2 | 8 5 1 | 4 6 7 
6 4 8 | 9 7 2 | 3 5 1 
5 1 7 | 3 6 4 | 9 8 2 
---------------------
7 9 3 | 4 . 5 | . 2 8 
. 6 4 | . 8 3 | 1 9 5 
1 8 . | 6 . 9 | . . 3 

Step 18: Placed 1 at (6, 4)
3 5 6 | 2 4 7 | 8 1 9 
4 7 1 | 5 9 8 | 2 3 6 
8 2 9 | 1 3 6 | 5 7 4 
---------------------
9 3 2 | 8 5 1 | 4 6 7 
6 4 8 | 9 7 2 | 3 5 1 
5 1 7 | 3 6 4 | 9 8 2 
---------------------
7 9 3 | 4 1 5 | . 2 8 
. 6 4 | . 8 3 | 1 9 5 
1 8 . | 6 . 9 | . . 3 

Step 19: Placed 6 at (6, 6)
3 5 6 | 2 4 7 | 8 1 9 
4 7 1 | 5 9 8 | 2 3 6 
8 2 9 | 1 3 6 | 5 7 4 
---------------------
9 3 2 | 8 5 1 | 4 6 7 
6 4 8 | 9 7 2 | 3 5 1 
5 1 7 | 3 6 4 | 9 8 2 
---------------------
7 9 3 | 4 1 5 | 6 2 8 
. 6 4 | . 8 3 | 1 9 5 
1 8 . | 6 . 9 | . . 3 

Step 20: Placed 2 at (7, 0)
3 5 6 | 2 4 7 | 8 1 9 
4 7 1 | 5 9 8 | 2 3 6 
8 2 9 | 1 3 6 | 5 7 4 
---------------------
9 3 2 | 8 5 1 | 4 6 7 
6 4 8 | 9 7 2 | 3 5 1 
5 1 7 | 3 6 4 | 9 8 2 
---------------------
7 9 3 | 4 1 5 | 6 2 8 
2 6 4 | . 8 3 | 1 9 5 
1 8 . | 6 . 9 | . . 3 

Step 21: Placed 7 at (7, 3)
3 5 6 | 2 4 7 | 8 1 9 
4 7 1 | 5 9 8 | 2 3 6 
8 2 9 | 1 3 6 | 5 7 4 
---------------------
9 3 2 | 8 5 1 | 4 6 7 
6 4 8 | 9 7 2 | 3 5 1 
5 1 7 | 3 6 4 | 9 8 2 
---------------------
7 9 3 | 4 1 5 | 6 2 8 
2 6 4 | 7 8 3 | 1 9 5 
1 8 . | 6 . 9 | . . 3 

Step 22: Placed 5 at (8, 2)
3 5 6 | 2 4 7 | 8 1 9 
4 7 1 | 5 9 8 | 2 3 6 
8 2 9 | 1 3 6 | 5 7 4 
---------------------
9 3 2 | 8 5 1 | 4 6 7 
6 4 8 | 9 7 2 | 3 5 1 
5 1 7 | 3 6 4 | 9 8 2 
---------------------
7 9 3 | 4 1 5 | 6 2 8 
2 6 4 | 7 8 3 | 1 9 5 
1 8 5 | 6 . 9 | . . 3 

Step 23: Placed 2 at (8, 4)
3 5 6 | 2 4 7 | 8 1 9 
4 7 1 | 5 9 8 | 2 3 6 
8 2 9 | 1 3 6 | 5 7 4 
---------------------
9 3 2 | 8 5 1 | 4 6 7 
6 4 8 | 9 7 2 | 3 5 1 
5 1 7 | 3 6 4 | 9 8 2 
---------------------
7 9 3 | 4 1 5 | 6 2 8 
2 6 4 | 7 8 3 | 1 9 5 
1 8 5 | 6 2 9 | . . 3 

Step 24: Placed 7 at (8, 6)
3 5 6 | 2 4 7 | 8 1 9 
4 7 1 | 5 9 8 | 2 3 6 
8 2 9 | 1 3 6 | 5 7 4 
---------------------
9 3 2 | 8 5 1 | 4 6 7 
6 4 8 | 9 7 2 | 3 5 1 
5 1 7 | 3 6 4 | 9 8 2 
---------------------
7 9 3 | 4 1 5 | 6 2 8 
2 6 4 | 7 8 3 | 1 9 5 
1 8 5 | 6 2 9 | 7 . 3 

Step 25: Placed 4 at (8, 7)
3 5 6 | 2 4 7 | 8 1 9 
4 7 1 | 5 9 8 | 2 3 6 
8 2 9 | 1 3 6 | 5 7 4 
---------------------
9 3 2 | 8 5 1 | 4 6 7 
6 4 8 | 9 7 2 | 3 5 1 
5 1 7 | 3 6 4 | 9 8 2 
---------------------
7 9 3 | 4 1 5 | 6 2 8 
2 6 4 | 7 8 3 | 1 9 5 
1 8 5 | 6 2 9 | 7 4 3 


Solved Sudoku board (A*):
3 5 6 | 2 4 7 | 8 1 9 
4 7 1 | 5 9 8 | 2 3 6 
8 2 9 | 1 3 6 | 5 7 4 
---------------------
9 3 2 | 8 5 1 | 4 6 7 
6 4 8 | 9 7 2 | 3 5 1 
5 1 7 | 3 6 4 | 9 8 2 
---------------------
7 9 3 | 4 1 5 | 6 2 8 
2 6 4 | 7 8 3 | 1 9 5 
1 8 5 | 6 2 9 | 7 4 3 


Number of steps: 25
Execution time: 0.0380 seconds
Peak memory usage: 30.73 KB

Number of backtracks: 0
Initial Sudoku board:
3 4 8 | 7 9 6 | . 1 2 
2 6 9 | . 3 5 | 4 7 8 
. . . | 8 . 4 | 3 9 6 
---------------------
. . 1 | 4 6 2 | 9 . 3 
4 9 . | 3 1 8 | 7 2 5 
8 . . | . . 9 | 1 6 . 
---------------------
. 1 5 | . . 3 | . 4 9 
. 8 4 | . 5 1 | 6 3 7 
6 3 . | 9 . 7 | . . 1 

Step 1: Placed 5 at (0, 6)
3 4 8 | 7 9 6 | 5 1 2 
2 6 9 | . 3 5 | 4 7 8 
. . . | 8 . 4 | 3 9 6 
---------------------
. . 1 | 4 6 2 | 9 . 3 
4 9 . | 3 1 8 | 7 2 5 
8 . . | . . 9 | 1 6 . 
---------------------
. 1 5 | . . 3 | . 4 9 
. 8 4 | . 5 1 | 6 3 7 
6 3 . | 9 . 7 | . . 1 

Step 2: Placed 1 at (1, 3)
3 4 8 | 7 9 6 | 5 1 2 
2 6 9 | 1 3 5 | 4 7 8 
. . . | 8 . 4 | 3 9 6 
---------------------
. . 1 | 4 6 2 | 9 . 3 
4 9 . | 3 1 8 | 7 2 5 
8 . . | . . 9 | 1 6 . 
---------------------
. 1 5 | . . 3 | . 4 9 
. 8 4 | . 5 1 | 6 3 7 
6 3 . | 9 . 7 | . . 1 

Step 3: Placed 7 at (2, 2)
3 4 8 | 7 9 6 | 5 1 2 
2 6 9 | 1 3 5 | 4 7 8 
. . 7 | 8 . 4 | 3 9 6 
---------------------
. . 1 | 4 6 2 | 9 . 3 
4 9 . | 3 1 8 | 7 2 5 
8 . . | . . 9 | 1 6 . 
---------------------
. 1 5 | . . 3 | . 4 9 
. 8 4 | . 5 1 | 6 3 7 
6 3 . | 9 . 7 | . . 1 

Step 4: Placed 5 at (2, 1)
3 4 8 | 7 9 6 | 5 1 2 
2 6 9 | 1 3 5 | 4 7 8 
. 5 7 | 8 . 4 | 3 9 6 
---------------------
. . 1 | 4 6 2 | 9 . 3 
4 9 . | 3 1 8 | 7 2 5 
8 . . | . . 9 | 1 6 . 
---------------------
. 1 5 | . . 3 | . 4 9 
. 8 4 | . 5 1 | 6 3 7 
6 3 . | 9 . 7 | . . 1 

Step 5: Placed 1 at (2, 0)
3 4 8 | 7 9 6 | 5 1 2 
2 6 9 | 1 3 5 | 4 7 8 
1 5 7 | 8 . 4 | 3 9 6 
---------------------
. . 1 | 4 6 2 | 9 . 3 
4 9 . | 3 1 8 | 7 2 5 
8 . . | . . 9 | 1 6 . 
---------------------
. 1 5 | . . 3 | . 4 9 
. 8 4 | . 5 1 | 6 3 7 
6 3 . | 9 . 7 | . . 1 

Step 6: Placed 2 at (2, 4)
3 4 8 | 7 9 6 | 5 1 2 
2 6 9 | 1 3 5 | 4 7 8 
1 5 7 | 8 2 4 | 3 9 6 
---------------------
. . 1 | 4 6 2 | 9 . 3 
4 9 . | 3 1 8 | 7 2 5 
8 . . | . . 9 | 1 6 . 
---------------------
. 1 5 | . . 3 | . 4 9 
. 8 4 | . 5 1 | 6 3 7 
6 3 . | 9 . 7 | . . 1 

Step 7: Placed 7 at (3, 1)
3 4 8 | 7 9 6 | 5 1 2 
2 6 9 | 1 3 5 | 4 7 8 
1 5 7 | 8 2 4 | 3 9 6 
---------------------
. 7 1 | 4 6 2 | 9 . 3 
4 9 . | 3 1 8 | 7 2 5 
8 . . | . . 9 | 1 6 . 
---------------------
. 1 5 | . . 3 | . 4 9 
. 8 4 | . 5 1 | 6 3 7 
6 3 . | 9 . 7 | . . 1 

Step 8: Placed 5 at (3, 0)
3 4 8 | 7 9 6 | 5 1 2 
2 6 9 | 1 3 5 | 4 7 8 
1 5 7 | 8 2 4 | 3 9 6 
---------------------
5 7 1 | 4 6 2 | 9 . 3 
4 9 . | 3 1 8 | 7 2 5 
8 . . | . . 9 | 1 6 . 
---------------------
. 1 5 | . . 3 | . 4 9 
. 8 4 | . 5 1 | 6 3 7 
6 3 . | 9 . 7 | . . 1 

Step 9: Placed 8 at (3, 7)
3 4 8 | 7 9 6 | 5 1 2 
2 6 9 | 1 3 5 | 4 7 8 
1 5 7 | 8 2 4 | 3 9 6 
---------------------
5 7 1 | 4 6 2 | 9 8 3 
4 9 . | 3 1 8 | 7 2 5 
8 . . | . . 9 | 1 6 . 
---------------------
. 1 5 | . . 3 | . 4 9 
. 8 4 | . 5 1 | 6 3 7 
6 3 . | 9 . 7 | . . 1 

Step 10: Placed 6 at (4, 2)
3 4 8 | 7 9 6 | 5 1 2 
2 6 9 | 1 3 5 | 4 7 8 
1 5 7 | 8 2 4 | 3 9 6 
---------------------
5 7 1 | 4 6 2 | 9 8 3 
4 9 6 | 3 1 8 | 7 2 5 
8 . . | . . 9 | 1 6 . 
---------------------
. 1 5 | . . 3 | . 4 9 
. 8 4 | . 5 1 | 6 3 7 
6 3 . | 9 . 7 | . . 1 

Step 11: Placed 2 at (5, 1)
3 4 8 | 7 9 6 | 5 1 2 
2 6 9 | 1 3 5 | 4 7 8 
1 5 7 | 8 2 4 | 3 9 6 
---------------------
5 7 1 | 4 6 2 | 9 8 3 
4 9 6 | 3 1 8 | 7 2 5 
8 2 . | . . 9 | 1 6 . 
---------------------
. 1 5 | . . 3 | . 4 9 
. 8 4 | . 5 1 | 6 3 7 
6 3 . | 9 . 7 | . . 1 

Step 12: Placed 3 at (5, 2)
3 4 8 | 7 9 6 | 5 1 2 
2 6 9 | 1 3 5 | 4 7 8 
1 5 7 | 8 2 4 | 3 9 6 
---------------------
5 7 1 | 4 6 2 | 9 8 3 
4 9 6 | 3 1 8 | 7 2 5 
8 2 3 | . . 9 | 1 6 . 
---------------------
. 1 5 | . . 3 | . 4 9 
. 8 4 | . 5 1 | 6 3 7 
6 3 . | 9 . 7 | . . 1 

Step 13: Placed 5 at (5, 3)
3 4 8 | 7 9 6 | 5 1 2 
2 6 9 | 1 3 5 | 4 7 8 
1 5 7 | 8 2 4 | 3 9 6 
---------------------
5 7 1 | 4 6 2 | 9 8 3 
4 9 6 | 3 1 8 | 7 2 5 
8 2 3 | 5 . 9 | 1 6 . 
---------------------
. 1 5 | . . 3 | . 4 9 
. 8 4 | . 5 1 | 6 3 7 
6 3 . | 9 . 7 | . . 1 

Step 14: Placed 7 at (5, 4)
3 4 8 | 7 9 6 | 5 1 2 
2 6 9 | 1 3 5 | 4 7 8 
1 5 7 | 8 2 4 | 3 9 6 
---------------------
5 7 1 | 4 6 2 | 9 8 3 
4 9 6 | 3 1 8 | 7 2 5 
8 2 3 | 5 7 9 | 1 6 . 
---------------------
. 1 5 | . . 3 | . 4 9 
. 8 4 | . 5 1 | 6 3 7 
6 3 . | 9 . 7 | . . 1 

Step 15: Placed 4 at (5, 8)
3 4 8 | 7 9 6 | 5 1 2 
2 6 9 | 1 3 5 | 4 7 8 
1 5 7 | 8 2 4 | 3 9 6 
---------------------
5 7 1 | 4 6 2 | 9 8 3 
4 9 6 | 3 1 8 | 7 2 5 
8 2 3 | 5 7 9 | 1 6 4 
---------------------
. 1 5 | . . 3 | . 4 9 
. 8 4 | . 5 1 | 6 3 7 
6 3 . | 9 . 7 | . . 1 

Step 16: Placed 7 at (6, 0)
3 4 8 | 7 9 6 | 5 1 2 
2 6 9 | 1 3 5 | 4 7 8 
1 5 7 | 8 2 4 | 3 9 6 
---------------------
5 7 1 | 4 6 2 | 9 8 3 
4 9 6 | 3 1 8 | 7 2 5 
8 2 3 | 5 7 9 | 1 6 4 
---------------------
7 1 5 | . . 3 | . 4 9 
. 8 4 | . 5 1 | 6 3 7 
6 3 . | 9 . 7 | . . 1 

Step 17: Placed 8 at (6, 4)
3 4 8 | 7 9 6 | 5 1 2 
2 6 9 | 1 3 5 | 4 7 8 
1 5 7 | 8 2 4 | 3 9 6 
---------------------
5 7 1 | 4 6 2 | 9 8 3 
4 9 6 | 3 1 8 | 7 2 5 
8 2 3 | 5 7 9 | 1 6 4 
---------------------
7 1 5 | . 8 3 | . 4 9 
. 8 4 | . 5 1 | 6 3 7 
6 3 . | 9 . 7 | . . 1 

Step 18: Placed 2 at (6, 6)
3 4 8 | 7 9 6 | 5 1 2 
2 6 9 | 1 3 5 | 4 7 8 
1 5 7 | 8 2 4 | 3 9 6 
---------------------
5 7 1 | 4 6 2 | 9 8 3 
4 9 6 | 3 1 8 | 7 2 5 
8 2 3 | 5 7 9 | 1 6 4 
---------------------
7 1 5 | . 8 3 | 2 4 9 
. 8 4 | . 5 1 | 6 3 7 
6 3 . | 9 . 7 | . . 1 

Step 19: Placed 6 at (6, 3)
3 4 8 | 7 9 6 | 5 1 2 
2 6 9 | 1 3 5 | 4 7 8 
1 5 7 | 8 2 4 | 3 9 6 
---------------------
5 7 1 | 4 6 2 | 9 8 3 
4 9 6 | 3 1 8 | 7 2 5 
8 2 3 | 5 7 9 | 1 6 4 
---------------------
7 1 5 | 6 8 3 | 2 4 9 
. 8 4 | . 5 1 | 6 3 7 
6 3 . | 9 . 7 | . . 1 

Step 20: Placed 9 at (7, 0)
3 4 8 | 7 9 6 | 5 1 2 
2 6 9 | 1 3 5 | 4 7 8 
1 5 7 | 8 2 4 | 3 9 6 
---------------------
5 7 1 | 4 6 2 | 9 8 3 
4 9 6 | 3 1 8 | 7 2 5 
8 2 3 | 5 7 9 | 1 6 4 
---------------------
7 1 5 | 6 8 3 | 2 4 9 
9 8 4 | . 5 1 | 6 3 7 
6 3 . | 9 . 7 | . . 1 

Step 21: Placed 2 at (7, 3)
3 4 8 | 7 9 6 | 5 1 2 
2 6 9 | 1 3 5 | 4 7 8 
1 5 7 | 8 2 4 | 3 9 6 
---------------------
5 7 1 | 4 6 2 | 9 8 3 
4 9 6 | 3 1 8 | 7 2 5 
8 2 3 | 5 7 9 | 1 6 4 
---------------------
7 1 5 | 6 8 3 | 2 4 9 
9 8 4 | 2 5 1 | 6 3 7 
6 3 . | 9 . 7 | . . 1 

Step 22: Placed 2 at (8, 2)
3 4 8 | 7 9 6 | 5 1 2 
2 6 9 | 1 3 5 | 4 7 8 
1 5 7 | 8 2 4 | 3 9 6 
---------------------
5 7 1 | 4 6 2 | 9 8 3 
4 9 6 | 3 1 8 | 7 2 5 
8 2 3 | 5 7 9 | 1 6 4 
---------------------
7 1 5 | 6 8 3 | 2 4 9 
9 8 4 | 2 5 1 | 6 3 7 
6 3 2 | 9 . 7 | . . 1 

Step 23: Placed 4 at (8, 4)
3 4 8 | 7 9 6 | 5 1 2 
2 6 9 | 1 3 5 | 4 7 8 
1 5 7 | 8 2 4 | 3 9 6 
---------------------
5 7 1 | 4 6 2 | 9 8 3 
4 9 6 | 3 1 8 | 7 2 5 
8 2 3 | 5 7 9 | 1 6 4 
---------------------
7 1 5 | 6 8 3 | 2 4 9 
9 8 4 | 2 5 1 | 6 3 7 
6 3 2 | 9 4 7 | . . 1 

Step 24: Placed 8 at (8, 6)
3 4 8 | 7 9 6 | 5 1 2 
2 6 9 | 1 3 5 | 4 7 8 
1 5 7 | 8 2 4 | 3 9 6 
---------------------
5 7 1 | 4 6 2 | 9 8 3 
4 9 6 | 3 1 8 | 7 2 5 
8 2 3 | 5 7 9 | 1 6 4 
---------------------
7 1 5 | 6 8 3 | 2 4 9 
9 8 4 | 2 5 1 | 6 3 7 
6 3 2 | 9 4 7 | 8 . 1 

Step 25: Placed 5 at (8, 7)
3 4 8 | 7 9 6 | 5 1 2 
2 6 9 | 1 3 5 | 4 7 8 
1 5 7 | 8 2 4 | 3 9 6 
---------------------
5 7 1 | 4 6 2 | 9 8 3 
4 9 6 | 3 1 8 | 7 2 5 
8 2 3 | 5 7 9 | 1 6 4 
---------------------
7 1 5 | 6 8 3 | 2 4 9 
9 8 4 | 2 5 1 | 6 3 7 
6 3 2 | 9 4 7 | 8 5 1 


Solved Sudoku board (A*):
3 4 8 | 7 9 6 | 5 1 2 
2 6 9 | 1 3 5 | 4 7 8 
1 5 7 | 8 2 4 | 3 9 6 
---------------------
5 7 1 | 4 6 2 | 9 8 3 
4 9 6 | 3 1 8 | 7 2 5 
8 2 3 | 5 7 9 | 1 6 4 
---------------------
7 1 5 | 6 8 3 | 2 4 9 
9 8 4 | 2 5 1 | 6 3 7 
6 3 2 | 9 4 7 | 8 5 1 


Number of steps: 25
Execution time: 0.0361 seconds
Peak memory usage: 30.73 KB

Number of backtracks: 0
Initial Sudoku board:
3 4 8 | 7 9 6 | . 1 2 
2 6 9 | . 3 5 | 4 7 8 
. . . | 8 . 4 | 3 9 6 
---------------------
. . 1 | 4 6 2 | 9 . 3 
4 9 . | 3 1 8 | 7 2 5 
8 . . | . . 9 | 1 6 . 
---------------------
. 1 5 | . . 3 | . 4 9 
. 8 4 | . 5 1 | 6 3 7 
6 3 . | 9 . 7 | . . 1 

Step 1: Placed 5 at (0, 6)
3 4 8 | 7 9 6 | 5 1 2 
2 6 9 | . 3 5 | 4 7 8 
. . . | 8 . 4 | 3 9 6 
---------------------
. . 1 | 4 6 2 | 9 . 3 
4 9 . | 3 1 8 | 7 2 5 
8 . . | . . 9 | 1 6 . 
---------------------
. 1 5 | . . 3 | . 4 9 
. 8 4 | . 5 1 | 6 3 7 
6 3 . | 9 . 7 | . . 1 

Step 2: Placed 1 at (1, 3)
3 4 8 | 7 9 6 | 5 1 2 
2 6 9 | 1 3 5 | 4 7 8 
. . . | 8 . 4 | 3 9 6 
---------------------
. . 1 | 4 6 2 | 9 . 3 
4 9 . | 3 1 8 | 7 2 5 
8 . . | . . 9 | 1 6 . 
---------------------
. 1 5 | . . 3 | . 4 9 
. 8 4 | . 5 1 | 6 3 7 
6 3 . | 9 . 7 | . . 1 

Step 3: Placed 7 at (2, 2)
3 4 8 | 7 9 6 | 5 1 2 
2 6 9 | 1 3 5 | 4 7 8 
. . 7 | 8 . 4 | 3 9 6 
---------------------
. . 1 | 4 6 2 | 9 . 3 
4 9 . | 3 1 8 | 7 2 5 
8 . . | . . 9 | 1 6 . 
---------------------
. 1 5 | . . 3 | . 4 9 
. 8 4 | . 5 1 | 6 3 7 
6 3 . | 9 . 7 | . . 1 

Step 4: Placed 5 at (2, 1)
3 4 8 | 7 9 6 | 5 1 2 
2 6 9 | 1 3 5 | 4 7 8 
. 5 7 | 8 . 4 | 3 9 6 
---------------------
. . 1 | 4 6 2 | 9 . 3 
4 9 . | 3 1 8 | 7 2 5 
8 . . | . . 9 | 1 6 . 
---------------------
. 1 5 | . . 3 | . 4 9 
. 8 4 | . 5 1 | 6 3 7 
6 3 . | 9 . 7 | . . 1 

Step 5: Placed 1 at (2, 0)
3 4 8 | 7 9 6 | 5 1 2 
2 6 9 | 1 3 5 | 4 7 8 
1 5 7 | 8 . 4 | 3 9 6 
---------------------
. . 1 | 4 6 2 | 9 . 3 
4 9 . | 3 1 8 | 7 2 5 
8 . . | . . 9 | 1 6 . 
---------------------
. 1 5 | . . 3 | . 4 9 
. 8 4 | . 5 1 | 6 3 7 
6 3 . | 9 . 7 | . . 1 

Step 6: Placed 2 at (2, 4)
3 4 8 | 7 9 6 | 5 1 2 
2 6 9 | 1 3 5 | 4 7 8 
1 5 7 | 8 2 4 | 3 9 6 
---------------------
. . 1 | 4 6 2 | 9 . 3 
4 9 . | 3 1 8 | 7 2 5 
8 . . | . . 9 | 1 6 . 
---------------------
. 1 5 | . . 3 | . 4 9 
. 8 4 | . 5 1 | 6 3 7 
6 3 . | 9 . 7 | . . 1 

Step 7: Placed 7 at (3, 1)
3 4 8 | 7 9 6 | 5 1 2 
2 6 9 | 1 3 5 | 4 7 8 
1 5 7 | 8 2 4 | 3 9 6 
---------------------
. 7 1 | 4 6 2 | 9 . 3 
4 9 . | 3 1 8 | 7 2 5 
8 . . | . . 9 | 1 6 . 
---------------------
. 1 5 | . . 3 | . 4 9 
. 8 4 | . 5 1 | 6 3 7 
6 3 . | 9 . 7 | . . 1 

Step 8: Placed 5 at (3, 0)
3 4 8 | 7 9 6 | 5 1 2 
2 6 9 | 1 3 5 | 4 7 8 
1 5 7 | 8 2 4 | 3 9 6 
---------------------
5 7 1 | 4 6 2 | 9 . 3 
4 9 . | 3 1 8 | 7 2 5 
8 . . | . . 9 | 1 6 . 
---------------------
. 1 5 | . . 3 | . 4 9 
. 8 4 | . 5 1 | 6 3 7 
6 3 . | 9 . 7 | . . 1 

Step 9: Placed 8 at (3, 7)
3 4 8 | 7 9 6 | 5 1 2 
2 6 9 | 1 3 5 | 4 7 8 
1 5 7 | 8 2 4 | 3 9 6 
---------------------
5 7 1 | 4 6 2 | 9 8 3 
4 9 . | 3 1 8 | 7 2 5 
8 . . | . . 9 | 1 6 . 
---------------------
. 1 5 | . . 3 | . 4 9 
. 8 4 | . 5 1 | 6 3 7 
6 3 . | 9 . 7 | . . 1 

Step 10: Placed 6 at (4, 2)
3 4 8 | 7 9 6 | 5 1 2 
2 6 9 | 1 3 5 | 4 7 8 
1 5 7 | 8 2 4 | 3 9 6 
---------------------
5 7 1 | 4 6 2 | 9 8 3 
4 9 6 | 3 1 8 | 7 2 5 
8 . . | . . 9 | 1 6 . 
---------------------
. 1 5 | . . 3 | . 4 9 
. 8 4 | . 5 1 | 6 3 7 
6 3 . | 9 . 7 | . . 1 

Step 11: Placed 2 at (5, 1)
3 4 8 | 7 9 6 | 5 1 2 
2 6 9 | 1 3 5 | 4 7 8 
1 5 7 | 8 2 4 | 3 9 6 
---------------------
5 7 1 | 4 6 2 | 9 8 3 
4 9 6 | 3 1 8 | 7 2 5 
8 2 . | . . 9 | 1 6 . 
---------------------
. 1 5 | . . 3 | . 4 9 
. 8 4 | . 5 1 | 6 3 7 
6 3 . | 9 . 7 | . . 1 

Step 12: Placed 3 at (5, 2)
3 4 8 | 7 9 6 | 5 1 2 
2 6 9 | 1 3 5 | 4 7 8 
1 5 7 | 8 2 4 | 3 9 6 
---------------------
5 7 1 | 4 6 2 | 9 8 3 
4 9 6 | 3 1 8 | 7 2 5 
8 2 3 | . . 9 | 1 6 . 
---------------------
. 1 5 | . . 3 | . 4 9 
. 8 4 | . 5 1 | 6 3 7 
6 3 . | 9 . 7 | . . 1 

Step 13: Placed 5 at (5, 3)
3 4 8 | 7 9 6 | 5 1 2 
2 6 9 | 1 3 5 | 4 7 8 
1 5 7 | 8 2 4 | 3 9 6 
---------------------
5 7 1 | 4 6 2 | 9 8 3 
4 9 6 | 3 1 8 | 7 2 5 
8 2 3 | 5 . 9 | 1 6 . 
---------------------
. 1 5 | . . 3 | . 4 9 
. 8 4 | . 5 1 | 6 3 7 
6 3 . | 9 . 7 | . . 1 

Step 14: Placed 7 at (5, 4)
3 4 8 | 7 9 6 | 5 1 2 
2 6 9 | 1 3 5 | 4 7 8 
1 5 7 | 8 2 4 | 3 9 6 
---------------------
5 7 1 | 4 6 2 | 9 8 3 
4 9 6 | 3 1 8 | 7 2 5 
8 2 3 | 5 7 9 | 1 6 . 
---------------------
. 1 5 | . . 3 | . 4 9 
. 8 4 | . 5 1 | 6 3 7 
6 3 . | 9 . 7 | . . 1 

Step 15: Placed 4 at (5, 8)
3 4 8 | 7 9 6 | 5 1 2 
2 6 9 | 1 3 5 | 4 7 8 
1 5 7 | 8 2 4 | 3 9 6 
---------------------
5 7 1 | 4 6 2 | 9 8 3 
4 9 6 | 3 1 8 | 7 2 5 
8 2 3 | 5 7 9 | 1 6 4 
---------------------
. 1 5 | . . 3 | . 4 9 
. 8 4 | . 5 1 | 6 3 7 
6 3 . | 9 . 7 | . . 1 

Step 16: Placed 7 at (6, 0)
3 4 8 | 7 9 6 | 5 1 2 
2 6 9 | 1 3 5 | 4 7 8 
1 5 7 | 8 2 4 | 3 9 6 
---------------------
5 7 1 | 4 6 2 | 9 8 3 
4 9 6 | 3 1 8 | 7 2 5 
8 2 3 | 5 7 9 | 1 6 4 
---------------------
7 1 5 | . . 3 | . 4 9 
. 8 4 | . 5 1 | 6 3 7 
6 3 . | 9 . 7 | . . 1 

Step 17: Placed 8 at (6, 4)
3 4 8 | 7 9 6 | 5 1 2 
2 6 9 | 1 3 5 | 4 7 8 
1 5 7 | 8 2 4 | 3 9 6 
---------------------
5 7 1 | 4 6 2 | 9 8 3 
4 9 6 | 3 1 8 | 7 2 5 
8 2 3 | 5 7 9 | 1 6 4 
---------------------
7 1 5 | . 8 3 | . 4 9 
. 8 4 | . 5 1 | 6 3 7 
6 3 . | 9 . 7 | . . 1 

Step 18: Placed 2 at (6, 6)
3 4 8 | 7 9 6 | 5 1 2 
2 6 9 | 1 3 5 | 4 7 8 
1 5 7 | 8 2 4 | 3 9 6 
---------------------
5 7 1 | 4 6 2 | 9 8 3 
4 9 6 | 3 1 8 | 7 2 5 
8 2 3 | 5 7 9 | 1 6 4 
---------------------
7 1 5 | . 8 3 | 2 4 9 
. 8 4 | . 5 1 | 6 3 7 
6 3 . | 9 . 7 | . . 1 

Step 19: Placed 6 at (6, 3)
3 4 8 | 7 9 6 | 5 1 2 
2 6 9 | 1 3 5 | 4 7 8 
1 5 7 | 8 2 4 | 3 9 6 
---------------------
5 7 1 | 4 6 2 | 9 8 3 
4 9 6 | 3 1 8 | 7 2 5 
8 2 3 | 5 7 9 | 1 6 4 
---------------------
7 1 5 | 6 8 3 | 2 4 9 
. 8 4 | . 5 1 | 6 3 7 
6 3 . | 9 . 7 | . . 1 

Step 20: Placed 9 at (7, 0)
3 4 8 | 7 9 6 | 5 1 2 
2 6 9 | 1 3 5 | 4 7 8 
1 5 7 | 8 2 4 | 3 9 6 
---------------------
5 7 1 | 4 6 2 | 9 8 3 
4 9 6 | 3 1 8 | 7 2 5 
8 2 3 | 5 7 9 | 1 6 4 
---------------------
7 1 5 | 6 8 3 | 2 4 9 
9 8 4 | . 5 1 | 6 3 7 
6 3 . | 9 . 7 | . . 1 

Step 21: Placed 2 at (7, 3)
3 4 8 | 7 9 6 | 5 1 2 
2 6 9 | 1 3 5 | 4 7 8 
1 5 7 | 8 2 4 | 3 9 6 
---------------------
5 7 1 | 4 6 2 | 9 8 3 
4 9 6 | 3 1 8 | 7 2 5 
8 2 3 | 5 7 9 | 1 6 4 
---------------------
7 1 5 | 6 8 3 | 2 4 9 
9 8 4 | 2 5 1 | 6 3 7 
6 3 . | 9 . 7 | . . 1 

Step 22: Placed 2 at (8, 2)
3 4 8 | 7 9 6 | 5 1 2 
2 6 9 | 1 3 5 | 4 7 8 
1 5 7 | 8 2 4 | 3 9 6 
---------------------
5 7 1 | 4 6 2 | 9 8 3 
4 9 6 | 3 1 8 | 7 2 5 
8 2 3 | 5 7 9 | 1 6 4 
---------------------
7 1 5 | 6 8 3 | 2 4 9 
9 8 4 | 2 5 1 | 6 3 7 
6 3 2 | 9 . 7 | . . 1 

Step 23: Placed 4 at (8, 4)
3 4 8 | 7 9 6 | 5 1 2 
2 6 9 | 1 3 5 | 4 7 8 
1 5 7 | 8 2 4 | 3 9 6 
---------------------
5 7 1 | 4 6 2 | 9 8 3 
4 9 6 | 3 1 8 | 7 2 5 
8 2 3 | 5 7 9 | 1 6 4 
---------------------
7 1 5 | 6 8 3 | 2 4 9 
9 8 4 | 2 5 1 | 6 3 7 
6 3 2 | 9 4 7 | . . 1 

Step 24: Placed 8 at (8, 6)
3 4 8 | 7 9 6 | 5 1 2 
2 6 9 | 1 3 5 | 4 7 8 
1 5 7 | 8 2 4 | 3 9 6 
---------------------
5 7 1 | 4 6 2 | 9 8 3 
4 9 6 | 3 1 8 | 7 2 5 
8 2 3 | 5 7 9 | 1 6 4 
---------------------
7 1 5 | 6 8 3 | 2 4 9 
9 8 4 | 2 5 1 | 6 3 7 
6 3 2 | 9 4 7 | 8 . 1 

Step 25: Placed 5 at (8, 7)
3 4 8 | 7 9 6 | 5 1 2 
2 6 9 | 1 3 5 | 4 7 8 
1 5 7 | 8 2 4 | 3 9 6 
---------------------
5 7 1 | 4 6 2 | 9 8 3 
4 9 6 | 3 1 8 | 7 2 5 
8 2 3 | 5 7 9 | 1 6 4 
---------------------
7 1 5 | 6 8 3 | 2 4 9 
9 8 4 | 2 5 1 | 6 3 7 
6 3 2 | 9 4 7 | 8 5 1 


Solved Sudoku board (A*):
3 4 8 | 7 9 6 | 5 1 2 
2 6 9 | 1 3 5 | 4 7 8 
1 5 7 | 8 2 4 | 3 9 6 
---------------------
5 7 1 | 4 6 2 | 9 8 3 
4 9 6 | 3 1 8 | 7 2 5 
8 2 3 | 5 7 9 | 1 6 4 
---------------------
7 1 5 | 6 8 3 | 2 4 9 
9 8 4 | 2 5 1 | 6 3 7 
6 3 2 | 9 4 7 | 8 5 1 


Number of steps: 25
Execution time: 0.0307 seconds
Peak memory usage: 50.71 KB

Number of backtracks: 0
