Initial Sudoku board:
8 2 7 | 1 5 4 | . 9 6 
9 6 5 | . 2 7 | 1 4 8 
. . . | 6 . 9 | 7 5 2 
---------------------
. . 3 | 4 6 8 | 2 . 1 
4 7 . | 5 1 3 | 6 8 9 
6 . . | . . 2 | 4 3 . 
---------------------
. 8 6 | . . 5 | . 1 4 
. 5 4 | . 9 6 | 8 2 3 
2 3 . | 8 . 1 | . . 7 

Step 1: Placed 3 at (0, 6)
8 2 7 | 1 5 4 | 3 9 6 
9 6 5 | . 2 7 | 1 4 8 
. . . | 6 . 9 | 7 5 2 
---------------------
. . 3 | 4 6 8 | 2 . 1 
4 7 . | 5 1 3 | 6 8 9 
6 . . | . . 2 | 4 3 . 
---------------------
. 8 6 | . . 5 | . 1 4 
. 5 4 | . 9 6 | 8 2 3 
2 3 . | 8 . 1 | . . 7 

Step 2: Placed 3 at (1, 3)
8 2 7 | 1 5 4 | 3 9 6 
9 6 5 | 3 2 7 | 1 4 8 
. . . | 6 . 9 | 7 5 2 
---------------------
. . 3 | 4 6 8 | 2 . 1 
4 7 . | 5 1 3 | 6 8 9 
6 . . | . . 2 | 4 3 . 
---------------------
. 8 6 | . . 5 | . 1 4 
. 5 4 | . 9 6 | 8 2 3 
2 3 . | 8 . 1 | . . 7 

Step 3: Placed 1 at (2, 0)
8 2 7 | 1 5 4 | 3 9 6 
9 6 5 | 3 2 7 | 1 4 8 
1 . . | 6 . 9 | 7 5 2 
---------------------
. . 3 | 4 6 8 | 2 . 1 
4 7 . | 5 1 3 | 6 8 9 
6 . . | . . 2 | 4 3 . 
---------------------
. 8 6 | . . 5 | . 1 4 
. 5 4 | . 9 6 | 8 2 3 
2 3 . | 8 . 1 | . . 7 

Step 4: Placed 4 at (2, 1)
8 2 7 | 1 5 4 | 3 9 6 
9 6 5 | 3 2 7 | 1 4 8 
1 4 . | 6 . 9 | 7 5 2 
---------------------
. . 3 | 4 6 8 | 2 . 1 
4 7 . | 5 1 3 | 6 8 9 
6 . . | . . 2 | 4 3 . 
---------------------
. 8 6 | . . 5 | . 1 4 
. 5 4 | . 9 6 | 8 2 3 
2 3 . | 8 . 1 | . . 7 

Step 5: Placed 3 at (2, 0)
8 2 7 | 1 5 4 | 3 9 6 
9 6 5 | 3 2 7 | 1 4 8 
3 . . | 6 . 9 | 7 5 2 
---------------------
. . 3 | 4 6 8 | 2 . 1 
4 7 . | 5 1 3 | 6 8 9 
6 . . | . . 2 | 4 3 . 
---------------------
. 8 6 | . . 5 | . 1 4 
. 5 4 | . 9 6 | 8 2 3 
2 3 . | 8 . 1 | . . 7 

Step 6: Placed 1 at (2, 1)
8 2 7 | 1 5 4 | 3 9 6 
9 6 5 | 3 2 7 | 1 4 8 
3 1 . | 6 . 9 | 7 5 2 
---------------------
. . 3 | 4 6 8 | 2 . 1 
4 7 . | 5 1 3 | 6 8 9 
6 . . | . . 2 | 4 3 . 
---------------------
. 8 6 | . . 5 | . 1 4 
. 5 4 | . 9 6 | 8 2 3 
2 3 . | 8 . 1 | . . 7 

Step 7: Placed 4 at (2, 1)
8 2 7 | 1 5 4 | 3 9 6 
9 6 5 | 3 2 7 | 1 4 8 
3 4 . | 6 . 9 | 7 5 2 
---------------------
. . 3 | 4 6 8 | 2 . 1 
4 7 . | 5 1 3 | 6 8 9 
6 . . | . . 2 | 4 3 . 
---------------------
. 8 6 | . . 5 | . 1 4 
. 5 4 | . 9 6 | 8 2 3 
2 3 . | 8 . 1 | . . 7 

Step 8: Placed 1 at (2, 2)
8 2 7 | 1 5 4 | 3 9 6 
9 6 5 | 3 2 7 | 1 4 8 
3 4 1 | 6 . 9 | 7 5 2 
---------------------
. . 3 | 4 6 8 | 2 . 1 
4 7 . | 5 1 3 | 6 8 9 
6 . . | . . 2 | 4 3 . 
---------------------
. 8 6 | . . 5 | . 1 4 
. 5 4 | . 9 6 | 8 2 3 
2 3 . | 8 . 1 | . . 7 

Step 9: Placed 8 at (2, 4)
8 2 7 | 1 5 4 | 3 9 6 
9 6 5 | 3 2 7 | 1 4 8 
3 4 1 | 6 8 9 | 7 5 2 
---------------------
. . 3 | 4 6 8 | 2 . 1 
4 7 . | 5 1 3 | 6 8 9 
6 . . | . . 2 | 4 3 . 
---------------------
. 8 6 | . . 5 | . 1 4 
. 5 4 | . 9 6 | 8 2 3 
2 3 . | 8 . 1 | . . 7 

Step 10: Placed 5 at (3, 0)
8 2 7 | 1 5 4 | 3 9 6 
9 6 5 | 3 2 7 | 1 4 8 
3 4 1 | 6 8 9 | 7 5 2 
---------------------
5 . 3 | 4 6 8 | 2 . 1 
4 7 . | 5 1 3 | 6 8 9 
6 . . | . . 2 | 4 3 . 
---------------------
. 8 6 | . . 5 | . 1 4 
. 5 4 | . 9 6 | 8 2 3 
2 3 . | 8 . 1 | . . 7 

Step 11: Placed 9 at (3, 1)
8 2 7 | 1 5 4 | 3 9 6 
9 6 5 | 3 2 7 | 1 4 8 
3 4 1 | 6 8 9 | 7 5 2 
---------------------
5 9 3 | 4 6 8 | 2 . 1 
4 7 . | 5 1 3 | 6 8 9 
6 . . | . . 2 | 4 3 . 
---------------------
. 8 6 | . . 5 | . 1 4 
. 5 4 | . 9 6 | 8 2 3 
2 3 . | 8 . 1 | . . 7 

Step 12: Placed 7 at (3, 7)
8 2 7 | 1 5 4 | 3 9 6 
9 6 5 | 3 2 7 | 1 4 8 
3 4 1 | 6 8 9 | 7 5 2 
---------------------
5 9 3 | 4 6 8 | 2 7 1 
4 7 . | 5 1 3 | 6 8 9 
6 . . | . . 2 | 4 3 . 
---------------------
. 8 6 | . . 5 | . 1 4 
. 5 4 | . 9 6 | 8 2 3 
2 3 . | 8 . 1 | . . 7 

Step 13: Placed 2 at (4, 2)
8 2 7 | 1 5 4 | 3 9 6 
9 6 5 | 3 2 7 | 1 4 8 
3 4 1 | 6 8 9 | 7 5 2 
---------------------
5 9 3 | 4 6 8 | 2 7 1 
4 7 2 | 5 1 3 | 6 8 9 
6 . . | . . 2 | 4 3 . 
---------------------
. 8 6 | . . 5 | . 1 4 
. 5 4 | . 9 6 | 8 2 3 
2 3 . | 8 . 1 | . . 7 

Step 14: Placed 1 at (5, 1)
8 2 7 | 1 5 4 | 3 9 6 
9 6 5 | 3 2 7 | 1 4 8 
3 4 1 | 6 8 9 | 7 5 2 
---------------------
5 9 3 | 4 6 8 | 2 7 1 
4 7 2 | 5 1 3 | 6 8 9 
6 1 . | . . 2 | 4 3 . 
---------------------
. 8 6 | . . 5 | . 1 4 
. 5 4 | . 9 6 | 8 2 3 
2 3 . | 8 . 1 | . . 7 

Step 15: Placed 8 at (5, 2)
8 2 7 | 1 5 4 | 3 9 6 
9 6 5 | 3 2 7 | 1 4 8 
3 4 1 | 6 8 9 | 7 5 2 
---------------------
5 9 3 | 4 6 8 | 2 7 1 
4 7 2 | 5 1 3 | 6 8 9 
6 1 8 | . . 2 | 4 3 . 
---------------------
. 8 6 | . . 5 | . 1 4 
. 5 4 | . 9 6 | 8 2 3 
2 3 . | 8 . 1 | . . 7 

Step 16: Placed 7 at (5, 3)
8 2 7 | 1 5 4 | 3 9 6 
9 6 5 | 3 2 7 | 1 4 8 
3 4 1 | 6 8 9 | 7 5 2 
---------------------
5 9 3 | 4 6 8 | 2 7 1 
4 7 2 | 5 1 3 | 6 8 9 
6 1 8 | 7 . 2 | 4 3 . 
---------------------
. 8 6 | . . 5 | . 1 4 
. 5 4 | . 9 6 | 8 2 3 
2 3 . | 8 . 1 | . . 7 

Step 17: Placed 9 at (5, 3)
8 2 7 | 1 5 4 | 3 9 6 
9 6 5 | 3 2 7 | 1 4 8 
3 4 1 | 6 8 9 | 7 5 2 
---------------------
5 9 3 | 4 6 8 | 2 7 1 
4 7 2 | 5 1 3 | 6 8 9 
6 1 8 | 9 . 2 | 4 3 . 
---------------------
. 8 6 | . . 5 | . 1 4 
. 5 4 | . 9 6 | 8 2 3 
2 3 . | 8 . 1 | . . 7 

Step 18: Placed 7 at (5, 4)
8 2 7 | 1 5 4 | 3 9 6 
9 6 5 | 3 2 7 | 1 4 8 
3 4 1 | 6 8 9 | 7 5 2 
---------------------
5 9 3 | 4 6 8 | 2 7 1 
4 7 2 | 5 1 3 | 6 8 9 
6 1 8 | 9 7 2 | 4 3 . 
---------------------
. 8 6 | . . 5 | . 1 4 
. 5 4 | . 9 6 | 8 2 3 
2 3 . | 8 . 1 | . . 7 

Step 19: Placed 5 at (5, 8)
8 2 7 | 1 5 4 | 3 9 6 
9 6 5 | 3 2 7 | 1 4 8 
3 4 1 | 6 8 9 | 7 5 2 
---------------------
5 9 3 | 4 6 8 | 2 7 1 
4 7 2 | 5 1 3 | 6 8 9 
6 1 8 | 9 7 2 | 4 3 5 
---------------------
. 8 6 | . . 5 | . 1 4 
. 5 4 | . 9 6 | 8 2 3 
2 3 . | 8 . 1 | . . 7 

Step 20: Placed 7 at (6, 0)
8 2 7 | 1 5 4 | 3 9 6 
9 6 5 | 3 2 7 | 1 4 8 
3 4 1 | 6 8 9 | 7 5 2 
---------------------
5 9 3 | 4 6 8 | 2 7 1 
4 7 2 | 5 1 3 | 6 8 9 
6 1 8 | 9 7 2 | 4 3 5 
---------------------
7 8 6 | . . 5 | . 1 4 
. 5 4 | . 9 6 | 8 2 3 
2 3 . | 8 . 1 | . . 7 

Step 21: Placed 2 at (6, 3)
8 2 7 | 1 5 4 | 3 9 6 
9 6 5 | 3 2 7 | 1 4 8 
3 4 1 | 6 8 9 | 7 5 2 
---------------------
5 9 3 | 4 6 8 | 2 7 1 
4 7 2 | 5 1 3 | 6 8 9 
6 1 8 | 9 7 2 | 4 3 5 
---------------------
7 8 6 | 2 . 5 | . 1 4 
. 5 4 | . 9 6 | 8 2 3 
2 3 . | 8 . 1 | . . 7 

Step 22: Placed 3 at (6, 4)
8 2 7 | 1 5 4 | 3 9 6 
9 6 5 | 3 2 7 | 1 4 8 
3 4 1 | 6 8 9 | 7 5 2 
---------------------
5 9 3 | 4 6 8 | 2 7 1 
4 7 2 | 5 1 3 | 6 8 9 
6 1 8 | 9 7 2 | 4 3 5 
---------------------
7 8 6 | 2 3 5 | . 1 4 
. 5 4 | . 9 6 | 8 2 3 
2 3 . | 8 . 1 | . . 7 

Step 23: Placed 9 at (6, 6)
8 2 7 | 1 5 4 | 3 9 6 
9 6 5 | 3 2 7 | 1 4 8 
3 4 1 | 6 8 9 | 7 5 2 
---------------------
5 9 3 | 4 6 8 | 2 7 1 
4 7 2 | 5 1 3 | 6 8 9 
6 1 8 | 9 7 2 | 4 3 5 
---------------------
7 8 6 | 2 3 5 | 9 1 4 
. 5 4 | . 9 6 | 8 2 3 
2 3 . | 8 . 1 | . . 7 

Step 24: Placed 1 at (7, 0)
8 2 7 | 1 5 4 | 3 9 6 
9 6 5 | 3 2 7 | 1 4 8 
3 4 1 | 6 8 9 | 7 5 2 
---------------------
5 9 3 | 4 6 8 | 2 7 1 
4 7 2 | 5 1 3 | 6 8 9 
6 1 8 | 9 7 2 | 4 3 5 
---------------------
7 8 6 | 2 3 5 | 9 1 4 
1 5 4 | . 9 6 | 8 2 3 
2 3 . | 8 . 1 | . . 7 

Step 25: Placed 7 at (7, 3)
8 2 7 | 1 5 4 | 3 9 6 
9 6 5 | 3 2 7 | 1 4 8 
3 4 1 | 6 8 9 | 7 5 2 
---------------------
5 9 3 | 4 6 8 | 2 7 1 
4 7 2 | 5 1 3 | 6 8 9 
6 1 8 | 9 7 2 | 4 3 5 
---------------------
7 8 6 | 2 3 5 | 9 1 4 
1 5 4 | 7 9 6 | 8 2 3 
2 3 . | 8 . 1 | . . 7 

Step 26: Placed 9 at (8, 2)
8 2 7 | 1 5 4 | 3 9 6 
9 6 5 | 3 2 7 | 1 4 8 
3 4 1 | 6 8 9 | 7 5 2 
---------------------
5 9 3 | 4 6 8 | 2 7 1 
4 7 2 | 5 1 3 | 6 8 9 
6 1 8 | 9 7 2 | 4 3 5 
---------------------
7 8 6 | 2 3 5 | 9 1 4 
1 5 4 | 7 9 6 | 8 2 3 
2 3 9 | 8 . 1 | . . 7 

Step 27: Placed 4 at (8, 4)
8 2 7 | 1 5 4 | 3 9 6 
9 6 5 | 3 2 7 | 1 4 8 
3 4 1 | 6 8 9 | 7 5 2 
---------------------
5 9 3 | 4 6 8 | 2 7 1 
4 7 2 | 5 1 3 | 6 8 9 
6 1 8 | 9 7 2 | 4 3 5 
---------------------
7 8 6 | 2 3 5 | 9 1 4 
1 5 4 | 7 9 6 | 8 2 3 
2 3 9 | 8 4 1 | . . 7 

Step 28: Placed 5 at (8, 6)
8 2 7 | 1 5 4 | 3 9 6 
9 6 5 | 3 2 7 | 1 4 8 
3 4 1 | 6 8 9 | 7 5 2 
---------------------
5 9 3 | 4 6 8 | 2 7 1 
4 7 2 | 5 1 3 | 6 8 9 
6 1 8 | 9 7 2 | 4 3 5 
---------------------
7 8 6 | 2 3 5 | 9 1 4 
1 5 4 | 7 9 6 | 8 2 3 
2 3 9 | 8 4 1 | 5 . 7 

Step 29: Placed 6 at (8, 7)
8 2 7 | 1 5 4 | 3 9 6 
9 6 5 | 3 2 7 | 1 4 8 
3 4 1 | 6 8 9 | 7 5 2 
---------------------
5 9 3 | 4 6 8 | 2 7 1 
4 7 2 | 5 1 3 | 6 8 9 
6 1 8 | 9 7 2 | 4 3 5 
---------------------
7 8 6 | 2 3 5 | 9 1 4 
1 5 4 | 7 9 6 | 8 2 3 
2 3 9 | 8 4 1 | 5 6 7 


Solved Sudoku board (DFS):
8 2 7 | 1 5 4 | 3 9 6 
9 6 5 | 3 2 7 | 1 4 8 
3 4 1 | 6 8 9 | 7 5 2 
---------------------
5 9 3 | 4 6 8 | 2 7 1 
4 7 2 | 5 1 3 | 6 8 9 
6 1 8 | 9 7 2 | 4 3 5 
---------------------
7 8 6 | 2 3 5 | 9 1 4 
1 5 4 | 7 9 6 | 8 2 3 
2 3 9 | 8 4 1 | 5 6 7 


Number of steps: 29
Execution time: 0.0251 seconds
Peak memory usage: 17.99 KB

Number of backtracks: 4
Initial Sudoku board:
2 9 6 | 3 1 7 | . 8 5 
4 7 3 | . 5 9 | 2 1 6 
. . . | 6 . 4 | 3 9 7 
---------------------
. . 7 | 9 8 2 | 1 . 4 
9 6 . | 1 7 5 | 8 3 2 
1 . . | . . 6 | 5 7 . 
---------------------
. 1 9 | . . 8 | . 2 3 
. 2 5 | . 9 1 | 6 4 8 
3 4 . | 7 . 5 | . . 1 

Step 1: Placed 4 at (0, 6)
2 9 6 | 3 1 7 | 4 8 5 
4 7 3 | . 5 9 | 2 1 6 
. . . | 6 . 4 | 3 9 7 
---------------------
. . 7 | 9 8 2 | 1 . 4 
9 6 . | 1 7 5 | 8 3 2 
1 . . | . . 6 | 5 7 . 
---------------------
. 1 9 | . . 8 | . 2 3 
. 2 5 | . 9 1 | 6 4 8 
3 4 . | 7 . 5 | . . 1 

Step 2: Placed 8 at (1, 3)
2 9 6 | 3 1 7 | 4 8 5 
4 7 3 | 8 5 9 | 2 1 6 
. . . | 6 . 4 | 3 9 7 
---------------------
. . 7 | 9 8 2 | 1 . 4 
9 6 . | 1 7 5 | 8 3 2 
1 . . | . . 6 | 5 7 . 
---------------------
. 1 9 | . . 8 | . 2 3 
. 2 5 | . 9 1 | 6 4 8 
3 4 . | 7 . 5 | . . 1 

Step 3: Placed 5 at (2, 0)
2 9 6 | 3 1 7 | 4 8 5 
4 7 3 | 8 5 9 | 2 1 6 
5 . . | 6 . 4 | 3 9 7 
---------------------
. . 7 | 9 8 2 | 1 . 4 
9 6 . | 1 7 5 | 8 3 2 
1 . . | . . 6 | 5 7 . 
---------------------
. 1 9 | . . 8 | . 2 3 
. 2 5 | . 9 1 | 6 4 8 
3 4 . | 7 . 5 | . . 1 

Step 4: Placed 8 at (2, 1)
2 9 6 | 3 1 7 | 4 8 5 
4 7 3 | 8 5 9 | 2 1 6 
5 8 . | 6 . 4 | 3 9 7 
---------------------
. . 7 | 9 8 2 | 1 . 4 
9 6 . | 1 7 5 | 8 3 2 
1 . . | . . 6 | 5 7 . 
---------------------
. 1 9 | . . 8 | . 2 3 
. 2 5 | . 9 1 | 6 4 8 
3 4 . | 7 . 5 | . . 1 

Step 5: Placed 1 at (2, 2)
2 9 6 | 3 1 7 | 4 8 5 
4 7 3 | 8 5 9 | 2 1 6 
5 8 1 | 6 . 4 | 3 9 7 
---------------------
. . 7 | 9 8 2 | 1 . 4 
9 6 . | 1 7 5 | 8 3 2 
1 . . | . . 6 | 5 7 . 
---------------------
. 1 9 | . . 8 | . 2 3 
. 2 5 | . 9 1 | 6 4 8 
3 4 . | 7 . 5 | . . 1 

Step 6: Placed 2 at (2, 4)
2 9 6 | 3 1 7 | 4 8 5 
4 7 3 | 8 5 9 | 2 1 6 
5 8 1 | 6 2 4 | 3 9 7 
---------------------
. . 7 | 9 8 2 | 1 . 4 
9 6 . | 1 7 5 | 8 3 2 
1 . . | . . 6 | 5 7 . 
---------------------
. 1 9 | . . 8 | . 2 3 
. 2 5 | . 9 1 | 6 4 8 
3 4 . | 7 . 5 | . . 1 

Step 7: Placed 8 at (2, 0)
2 9 6 | 3 1 7 | 4 8 5 
4 7 3 | 8 5 9 | 2 1 6 
8 . . | 6 . 4 | 3 9 7 
---------------------
. . 7 | 9 8 2 | 1 . 4 
9 6 . | 1 7 5 | 8 3 2 
1 . . | . . 6 | 5 7 . 
---------------------
. 1 9 | . . 8 | . 2 3 
. 2 5 | . 9 1 | 6 4 8 
3 4 . | 7 . 5 | . . 1 

Step 8: Placed 5 at (2, 1)
2 9 6 | 3 1 7 | 4 8 5 
4 7 3 | 8 5 9 | 2 1 6 
8 5 . | 6 . 4 | 3 9 7 
---------------------
. . 7 | 9 8 2 | 1 . 4 
9 6 . | 1 7 5 | 8 3 2 
1 . . | . . 6 | 5 7 . 
---------------------
. 1 9 | . . 8 | . 2 3 
. 2 5 | . 9 1 | 6 4 8 
3 4 . | 7 . 5 | . . 1 

Step 9: Placed 1 at (2, 2)
2 9 6 | 3 1 7 | 4 8 5 
4 7 3 | 8 5 9 | 2 1 6 
8 5 1 | 6 . 4 | 3 9 7 
---------------------
. . 7 | 9 8 2 | 1 . 4 
9 6 . | 1 7 5 | 8 3 2 
1 . . | . . 6 | 5 7 . 
---------------------
. 1 9 | . . 8 | . 2 3 
. 2 5 | . 9 1 | 6 4 8 
3 4 . | 7 . 5 | . . 1 

Step 10: Placed 2 at (2, 4)
2 9 6 | 3 1 7 | 4 8 5 
4 7 3 | 8 5 9 | 2 1 6 
8 5 1 | 6 2 4 | 3 9 7 
---------------------
. . 7 | 9 8 2 | 1 . 4 
9 6 . | 1 7 5 | 8 3 2 
1 . . | . . 6 | 5 7 . 
---------------------
. 1 9 | . . 8 | . 2 3 
. 2 5 | . 9 1 | 6 4 8 
3 4 . | 7 . 5 | . . 1 

Step 11: Placed 5 at (3, 0)
2 9 6 | 3 1 7 | 4 8 5 
4 7 3 | 8 5 9 | 2 1 6 
8 5 1 | 6 2 4 | 3 9 7 
---------------------
5 . 7 | 9 8 2 | 1 . 4 
9 6 . | 1 7 5 | 8 3 2 
1 . . | . . 6 | 5 7 . 
---------------------
. 1 9 | . . 8 | . 2 3 
. 2 5 | . 9 1 | 6 4 8 
3 4 . | 7 . 5 | . . 1 

Step 12: Placed 3 at (3, 1)
2 9 6 | 3 1 7 | 4 8 5 
4 7 3 | 8 5 9 | 2 1 6 
8 5 1 | 6 2 4 | 3 9 7 
---------------------
5 3 7 | 9 8 2 | 1 . 4 
9 6 . | 1 7 5 | 8 3 2 
1 . . | . . 6 | 5 7 . 
---------------------
. 1 9 | . . 8 | . 2 3 
. 2 5 | . 9 1 | 6 4 8 
3 4 . | 7 . 5 | . . 1 

Step 13: Placed 6 at (3, 7)
2 9 6 | 3 1 7 | 4 8 5 
4 7 3 | 8 5 9 | 2 1 6 
8 5 1 | 6 2 4 | 3 9 7 
---------------------
5 3 7 | 9 8 2 | 1 6 4 
9 6 . | 1 7 5 | 8 3 2 
1 . . | . . 6 | 5 7 . 
---------------------
. 1 9 | . . 8 | . 2 3 
. 2 5 | . 9 1 | 6 4 8 
3 4 . | 7 . 5 | . . 1 

Step 14: Placed 4 at (4, 2)
2 9 6 | 3 1 7 | 4 8 5 
4 7 3 | 8 5 9 | 2 1 6 
8 5 1 | 6 2 4 | 3 9 7 
---------------------
5 3 7 | 9 8 2 | 1 6 4 
9 6 4 | 1 7 5 | 8 3 2 
1 . . | . . 6 | 5 7 . 
---------------------
. 1 9 | . . 8 | . 2 3 
. 2 5 | . 9 1 | 6 4 8 
3 4 . | 7 . 5 | . . 1 

Step 15: Placed 8 at (5, 1)
2 9 6 | 3 1 7 | 4 8 5 
4 7 3 | 8 5 9 | 2 1 6 
8 5 1 | 6 2 4 | 3 9 7 
---------------------
5 3 7 | 9 8 2 | 1 6 4 
9 6 4 | 1 7 5 | 8 3 2 
1 8 . | . . 6 | 5 7 . 
---------------------
. 1 9 | . . 8 | . 2 3 
. 2 5 | . 9 1 | 6 4 8 
3 4 . | 7 . 5 | . . 1 

Step 16: Placed 2 at (5, 2)
2 9 6 | 3 1 7 | 4 8 5 
4 7 3 | 8 5 9 | 2 1 6 
8 5 1 | 6 2 4 | 3 9 7 
---------------------
5 3 7 | 9 8 2 | 1 6 4 
9 6 4 | 1 7 5 | 8 3 2 
1 8 2 | . . 6 | 5 7 . 
---------------------
. 1 9 | . . 8 | . 2 3 
. 2 5 | . 9 1 | 6 4 8 
3 4 . | 7 . 5 | . . 1 

Step 17: Placed 4 at (5, 3)
2 9 6 | 3 1 7 | 4 8 5 
4 7 3 | 8 5 9 | 2 1 6 
8 5 1 | 6 2 4 | 3 9 7 
---------------------
5 3 7 | 9 8 2 | 1 6 4 
9 6 4 | 1 7 5 | 8 3 2 
1 8 2 | 4 . 6 | 5 7 . 
---------------------
. 1 9 | . . 8 | . 2 3 
. 2 5 | . 9 1 | 6 4 8 
3 4 . | 7 . 5 | . . 1 

Step 18: Placed 3 at (5, 4)
2 9 6 | 3 1 7 | 4 8 5 
4 7 3 | 8 5 9 | 2 1 6 
8 5 1 | 6 2 4 | 3 9 7 
---------------------
5 3 7 | 9 8 2 | 1 6 4 
9 6 4 | 1 7 5 | 8 3 2 
1 8 2 | 4 3 6 | 5 7 . 
---------------------
. 1 9 | . . 8 | . 2 3 
. 2 5 | . 9 1 | 6 4 8 
3 4 . | 7 . 5 | . . 1 

Step 19: Placed 9 at (5, 8)
2 9 6 | 3 1 7 | 4 8 5 
4 7 3 | 8 5 9 | 2 1 6 
8 5 1 | 6 2 4 | 3 9 7 
---------------------
5 3 7 | 9 8 2 | 1 6 4 
9 6 4 | 1 7 5 | 8 3 2 
1 8 2 | 4 3 6 | 5 7 9 
---------------------
. 1 9 | . . 8 | . 2 3 
. 2 5 | . 9 1 | 6 4 8 
3 4 . | 7 . 5 | . . 1 

Step 20: Placed 6 at (6, 0)
2 9 6 | 3 1 7 | 4 8 5 
4 7 3 | 8 5 9 | 2 1 6 
8 5 1 | 6 2 4 | 3 9 7 
---------------------
5 3 7 | 9 8 2 | 1 6 4 
9 6 4 | 1 7 5 | 8 3 2 
1 8 2 | 4 3 6 | 5 7 9 
---------------------
6 1 9 | . . 8 | . 2 3 
. 2 5 | . 9 1 | 6 4 8 
3 4 . | 7 . 5 | . . 1 

Step 21: Placed 7 at (6, 0)
2 9 6 | 3 1 7 | 4 8 5 
4 7 3 | 8 5 9 | 2 1 6 
8 5 1 | 6 2 4 | 3 9 7 
---------------------
5 3 7 | 9 8 2 | 1 6 4 
9 6 4 | 1 7 5 | 8 3 2 
1 8 2 | 4 3 6 | 5 7 9 
---------------------
7 1 9 | . . 8 | . 2 3 
. 2 5 | . 9 1 | 6 4 8 
3 4 . | 7 . 5 | . . 1 

